#designation- model nobs --arc1-- --arc2-- -epoch-- --------T-------- -----q------ ----e----- --omega--- --Omega--- ----i----- recip(a)- ----dT---- ----dq---- ----de---- -domega- -dOmega- ---di--- drecip(a) 
 C/1990 K1       bn  675 19900521 19920401 19901105 19901024.70581544   0.93848569 0.99975883 242.696492 139.363400 131.575264    256.98 0.00980952 0.00009388 0.00048495 0.011979 0.001574 0.003856    516.75 
 C/1999 S4       n7 1294 19990927 20000731 20000804 20000726.17152264   0.76514526 0.99953226 151.049212  83.194208 149.389830    611.30 0.00091088 0.00000487 0.00003237 0.000916 0.000806 0.000161     42.30 
 C/2001 Q4       p5 2673 20010824 20060818 20010730 20040516.06138351   0.96136423 1.00058702   1.211594 210.199591  99.563378   -610.61 0.00011591 0.00000109 0.00000084 0.000063 0.000024 0.000015      0.87 
 C/2002 T7       pn 4477 20021012 20060320 20020903 20040423.14991970   0.61502608 1.00040097 157.722446  94.847517 160.570786   -651.95 0.00041679 0.00000051 0.00000072 0.000050 0.000035 0.000039      1.16 
 C/2002 T7       p6 4477 20021012 20060320 20020903 20040423.14532311   0.61503075 1.00040642 157.722134  94.847872 160.571223   -660.81 0.00002860 0.00000039 0.00000030 0.000033 0.000013 0.000007      0.49 
 C/2003 T3       pn  769 20031014 20050503 20040425 20040428.99829103   1.48104391 0.99978801  43.769202 347.060115  50.446322    143.13 0.00941831 0.00008034 0.00027163 0.007008 0.000833 0.001835    183.41 
 C/2006 VZ13     p2 1173 20061113 20070814 20070808 20070810.89148833   1.01525293 1.00015482 174.115421  66.028203 134.792653   -152.49 0.00033359 0.00000258 0.00005613 0.000746 0.000817 0.000454     55.29 
 C/2007 N3       p5 3951 20070711 20110101 20090109 20090110.64062552   1.21225576 1.00000432 136.869056 338.541126 178.373600     -3.56 0.00123407 0.00001519 0.00000338 0.001952 0.001606 0.000007      2.79 
 C/2007 W1       qn 1706 20070321 20081217 20080623 20080624.88707452   0.84965642 1.00011112 306.549513 334.528944   9.889604   -130.78 0.00016025 0.00000170 0.00000310 0.000387 0.000688 0.000042      3.65 
 C/2007 W1       pn 1703 20071120 20081217 20080623 20080624.88702941   0.84965694 1.00011020 306.549632 334.528731   9.889591   -129.70 0.00015919 0.00000169 0.00000309 0.000384 0.000683 0.000041      3.64 
 C/2008 A1       p5  937 20080110 20080928 20080911 20080929.12580675   1.07308707 1.00026439 348.474902 277.882020  82.550006   -246.38 0.00033194 0.00000375 0.00001289 0.000437 0.000212 0.000100     12.01 
 C/2011 L4       pn 5501 20110521 20140827 20120320 20130310.15144955   0.30161093 1.00008766 333.642286  65.665424  84.198940   -290.63 0.00007077 0.00000042 0.00000018 0.000034 0.000002 0.000028      0.59 
 C/2012 CH17     p4  658 20120202 20130610 20120930 20120928.17134827   1.29676442 0.99937053 137.925021 125.971870  27.745338    485.42 0.00958384 0.00012169 0.00013463 0.010840 0.004900 0.000612    103.81 
 C/2013 US10     pn 5154 20130814 20171207 20151204 20151115.73523771   0.82272705 0.99926084 340.386534 186.142472 148.879366    898.43 0.00142948 0.00002373 0.00009703 0.003078 0.000272 0.000087    117.95 
 C/2013 V5       pn 1559 20131112 20150419 20141209 20140928.22294025   0.62545186 0.99852929 314.571552 278.615781 154.884594   2351.43 0.00007366 0.00000376 0.00001709 0.000746 0.000007 0.000027     27.33 
 C/2017 S3       n3 1042 20170817 20180803 20180323 20180815.94438860   0.20843084 1.00008168 255.891905 171.037270  99.039848   -391.89 0.00063465 0.00000295 0.00000101 0.000230 0.000261 0.000046      4.83 
 C/2017 T1       pn 1070 20170928 20180617 20180323 20180221.71430957   0.58036897 0.99859413  96.912468 102.295999  96.823408   2422.38 0.00047886 0.00002742 0.00017581 0.000931 0.002202 0.001003    302.96 
 C/2018 W2       pn 2028 20181127 20200615 20190825 20190905.73279539   1.45466726 1.00079080 157.975659 181.849344 116.616081   -543.63 0.00036946 0.00000296 0.00000689 0.000342 0.000096 0.000063      4.74 
 C/2021 S3       pn 4688 20201206 20250309 20240220 20240214.71792804   1.32016253 0.99992361   6.860632 215.619461  58.535234     57.87 0.00037706 0.00000271 0.00001613 0.000336 0.000084 0.000138     12.22 
 C/2021 T4       pn 2203 20210807 20250302 20230913 20230731.53175374   1.48323658 0.99940325 329.822509 257.890848 160.774636    402.33 0.00048032 0.00000155 0.00001636 0.000426 0.000152 0.000060     11.03 
