#designation- model nobs --arc1-- --arc2-- -epoch-- --------T-------- -----q------ ----e----- --omega--- --Omega--- ----i----- recip(a)- ----dT---- ----dq---- ----de---- -domega- -dOmega- ---di--- drecip(a) 
 C/1990 K1       b9  675 19900521 19920401 19901105 19901024.69706184   0.93856969 1.00022329 242.686693 139.365775 131.579909   -237.90 0.00061754 0.00000657 0.00001707 0.000859 0.000066 0.000178     18.18 
 C/1999 S4       a7 1294 19990927 20000731 20000804 20000726.17923224   0.76509578 0.99997981 151.065392  83.190883 149.390447     26.39 0.00007940 0.00000035 0.00000073 0.000036 0.000020 0.000017      0.96 
 C/2001 Q4       pa 2679 20010824 20060818 20010730 20040516.06403894   0.96137116 1.00057836   1.211989 210.199865  99.563588   -601.60 0.00009486 0.00000029 0.00000067 0.000036 0.000015 0.000012      0.69 
 C/2002 T7       p8 4477 20021012 20060320 20020903 20040423.14471376   0.61502988 1.00040868 157.722069  94.847930 160.571274   -664.49 0.00007377 0.00000040 0.00000037 0.000037 0.000015 0.000011      0.60 
 C/2003 T3       pa  769 20031014 20050503 20040425 20040428.99745157   1.48112697 0.99988920  43.769312 347.058541  50.443639     74.80 0.00078876 0.00000922 0.00001320 0.000651 0.000057 0.000081      8.91 
 C/2006 VZ13     pa 1173 20061113 20070814 20070808 20070810.89129561   1.01524713 1.00026868 174.115609  66.027314 134.793115   -264.64 0.00009242 0.00000040 0.00000312 0.000081 0.000023 0.000009      3.07 
 C/2007 N3       pa 3951 20070711 20110101 20090109 20090110.64017666   1.21226489 0.99998333 136.866852 338.539889 178.373604     13.75 0.00003724 0.00000096 0.00000073 0.000153 0.000144 0.000005      0.60 
 C/2007 W1       d5 1706 20070321 20081217 20080623 20080624.88724441   0.84966531 1.00017157 306.554270 334.523785   9.889319   -201.92 0.00021361 0.00000313 0.00000104 0.000181 0.000080 0.000036      1.22 
 C/2007 W1       pa 1703 20071120 20081217 20080623 20080624.88653176   0.84965907 1.00018354 306.553857 334.524252   9.889447   -216.02 0.00001967 0.00000019 0.00000130 0.000049 0.000046 0.000014      1.53 
 C/2008 A1       pa  937 20080110 20080928 20080911 20080929.13084438   1.07302132 1.00027007 348.483009 277.884313  82.549281   -251.69 0.00005829 0.00000116 0.00000218 0.000060 0.000032 0.000024      2.03 
 C/2008 T2       pa 1345 20081001 20090909 20090213 20090613.23965286   1.20221741 1.00011706 215.870738 309.678301  56.303858    -97.37 0.00004558 0.00000063 0.00000130 0.000039 0.000022 0.000015      1.08 
 C/2009 K5       pa 2544 20090527 20111026 20100614 20100430.02401955   1.42239454 1.00084485  66.173708 257.856117 103.879483   -593.96 0.00003759 0.00000032 0.00000080 0.000028 0.000006 0.000008      0.56 
 C/2010 X1       a5 2448 20101210 20110907 20110827 20110910.72236763   0.48246270 1.00002880 343.805668 323.226685   1.839238    -59.70 0.00015881 0.00000116 0.00000079 0.000436 0.000439 0.000022      1.63 
 C/2010 X1       a7 2448 20101210 20110907 20110827 20110910.72232769   0.48245682 1.00003111 343.805622 323.226953   1.839257    -64.49 0.00015844 0.00000164 0.00000106 0.000487 0.000494 0.000026      2.20 
 C/2010 X1       a8 2448 20101210 20110907 20110827 20110910.72230767   0.48245876 1.00002960 343.807568 323.224967   1.839147    -61.34 0.00027480 0.00000223 0.00000194 0.000592 0.000597 0.000032      4.01 
 C/2011 L4       p5 5501 20110521 20140827 20120320 20130310.15149363   0.30161046 1.00008746 333.642328  65.665423  84.198923   -289.97 0.00002415 0.00000029 0.00000014 0.000024 0.000002 0.000027      0.45 
 C/2012 K1       pa 7889 20120514 20160807 20140811 20140827.64971973   1.05451259 1.00021845 203.107770 317.738180 142.428338   -207.15 0.00034132 0.00000082 0.00000071 0.000045 0.000022 0.000004      0.67 
 C/2012 S1       pa 6723 20110930 20131122 20111006 20131128.96266068   0.01246165 0.99999952 345.537916 295.696606  62.051780     38.41 0.00032126 0.00000014 0.00000002 0.000072 0.000100 0.000566      1.33 
 C/2012 T5       pa  702 20121014 20130321 20130309 20130224.05559295   0.32276138 1.00034964 318.103387 230.592692  72.078053  -1083.27 0.00030930 0.00000568 0.00000771 0.000790 0.000123 0.001873     23.90 
 C/2013 US10     pd 5154 20130814 20171207 20151204 20151115.71983135   0.82294609 1.00031516 340.360948 186.144965 148.878598   -382.96 0.00056183 0.00000116 0.00000115 0.000081 0.000026 0.000027      1.40 
 C/2013 US10     p5 5154 20130814 20171207 20151204 20151115.72133495   0.82295959 1.00031581 340.360444 186.144837 148.878467   -383.75 0.00001991 0.00000045 0.00000040 0.000034 0.000009 0.000007      0.49 
 C/2013 V5       pa 1559 20131112 20150419 20141209 20140928.22324470   0.62548179 0.99867050 314.574879 278.615774 154.884512   2125.56 0.00001558 0.00000021 0.00000028 0.000021 0.000006 0.000014      0.45 
 C/2013 X1       pa 3324 20131017 20180129 20160731 20160420.71906970   1.31424816 1.00099871 164.457203 130.954751 163.230865   -759.91 0.00095717 0.00000239 0.00000202 0.000081 0.000067 0.000019      1.53 
 C/2013 X1       pe 3324 20131017 20180129 20160731 20160420.71650311   1.31422153 1.00099691 164.455885 130.952714 163.230199   -758.55 0.00107308 0.00000628 0.00000369 0.000291 0.000118 0.000039      2.81 
 C/2017 E4       a3  676 20170309 20170424 20170507 20170423.29805504   0.49370268 0.99996466  87.206023 223.182635  88.181665     71.57 0.00229541 0.00002042 0.00013584 0.005544 0.001898 0.000264    275.15 
 C/2017 S3       a3 1042 20170817 20180803 20180323 20180815.94609864   0.20843751 1.00008084 255.891733 171.037829  99.039755   -387.83 0.00027381 0.00000153 0.00000070 0.000155 0.000187 0.000034      3.35 
 C/2017 T1       pa 1070 20170928 20180617 20180323 20180221.71243639   0.58059079 1.00019133  96.926713 102.315543  96.830866   -329.54 0.00010454 0.00000170 0.00000431 0.000262 0.000012 0.000107      7.42 
 C/2018 W2       p5 2028 20181127 20200615 20190825 20190905.72852537   1.45468902 1.00077486 157.972094 181.849752 116.615758   -532.66 0.00001884 0.00000129 0.00000087 0.000043 0.000028 0.000009      0.60 
 C/2021 O3       pb  708 20210626 20220201 20220411 20220421.04769412   0.28731660 1.00009527 299.992221 189.019093  56.792577   -331.60 0.00026132 0.00000079 0.00000061 0.000121 0.000128 0.000211      2.12 
 C/2021 S3       pa 4688 20201206 20250309 20240220 20240214.71212746   1.32021521 1.00029262   6.855630 215.621067  58.533032   -221.64 0.00004003 0.00000054 0.00000061 0.000037 0.000017 0.000007      0.46 
 C/2021 T4       a5 2203 20210807 20250302 20230913 20230731.53928361   1.48327792 0.99986966 329.822654 257.884813 160.777082     87.87 0.00002098 0.00000041 0.00000049 0.000028 0.000015 0.000005      0.33 
