#designation- model nobs --arc1-- --arc2-- -epoch-- --------T-------- -----q------ ----e----- --omega--- --Omega--- ----i----- recip(a)- ----dT---- ----dq---- ----de---- -domega- -dOmega- ---di--- drecip(a) 
 C/1990 K1       bn  675 19900521 19920401 19901105 19901024.70581544   0.93848569 0.99975883 242.696492 139.363400 131.575264    256.98 0.00980952 0.00009388 0.00048495 0.011979 0.001574 0.003856    516.75 
 C/1993 A1       pn  739 19921126 19940817 19940108 19940112.88680955   1.93750766 1.00152238 130.658073 144.722815 124.877957   -785.74 0.00466542 0.00001825 0.00007975 0.002438 0.000443 0.000088     41.15 
 C/1993 A1       pc  739 19921126 19940817 19940108 19940112.88426436   1.93753283 1.00174264 130.656869 144.721947 124.878032   -899.41 0.00127191 0.00000754 0.00003454 0.000661 0.000175 0.000051     17.82 
 C/1997 BA6      pd  536 19970111 20040915 19991208 19991127.60147787   3.43619729 0.99866449 285.943528 317.663060  72.714570    388.66 0.00453042 0.00002547 0.00002645 0.001198 0.000181 0.000074      7.70 
 C/1999 S4       n7 1294 19990927 20000731 20000804 20000726.17152264   0.76514526 0.99953226 151.049212  83.194208 149.389830    611.30 0.00091088 0.00000487 0.00003237 0.000916 0.000806 0.000161     42.30 
 C/2000 SV74     pn 2207 20000905 20050512 20020506 20020430.25078778   3.54191676 1.00474408  76.177548  24.188493  75.238778  -1339.41 0.03828250 0.00006118 0.00003308 0.008450 0.000642 0.000325      9.35 
 C/2000 SV74     qc 2207 20000905 20050512 20020506 20020430.42276255   3.54178454 1.00483040  76.214355  24.186741  75.238306  -1363.83 0.00514299 0.00001827 0.00001101 0.001196 0.000126 0.000103      3.11 
 C/2000 SV74     qs 2207 20000905 20050512 20020506 20020430.38939755   3.54183735 1.00481636  76.206994  24.187221  75.238533  -1359.85 0.00838390 0.00002455 0.00001380 0.001920 0.000187 0.000135      3.89 
 C/2001 Q4       p5 2673 20010824 20060818 20010730 20040516.06138351   0.96136423 1.00058702   1.211594 210.199591  99.563378   -610.61 0.00011591 0.00000109 0.00000084 0.000063 0.000024 0.000015      0.87 
 C/2001 Q4       pg 2673 20010824 20060818 20010730 20040516.06026604   0.96136462 1.00059127   1.211332 210.199580  99.563356   -615.03 0.00015088 0.00000155 0.00000111 0.000090 0.000025 0.000016      1.16 
 C/2002 T7       pn 4477 20021012 20060320 20020903 20040423.14991970   0.61502608 1.00040097 157.722446  94.847517 160.570786   -651.95 0.00041679 0.00000051 0.00000072 0.000050 0.000035 0.000039      1.16 
 C/2002 T7       pc 4477 20021012 20060320 20020903 20040423.15570710   0.61499211 1.00038813 157.724089  94.847042 160.570163   -631.11 0.00104955 0.00000394 0.00000191 0.000235 0.000063 0.000078      3.11 
 C/2002 T7       p6 4477 20021012 20060320 20020903 20040423.14532311   0.61503075 1.00040642 157.722134  94.847872 160.571223   -660.81 0.00002860 0.00000039 0.00000030 0.000033 0.000013 0.000007      0.49 
 C/2003 T3       pn  769 20031014 20050503 20040425 20040428.99829103   1.48104391 0.99978801  43.769202 347.060115  50.446322    143.13 0.00941831 0.00008034 0.00027163 0.007008 0.000833 0.001835    183.41 
 C/2006 S3       p3 6566 20060829 20201124 20120423 20120416.33346162   5.13107225 1.00345437 140.130315  38.370589 166.032585   -673.23 0.00297279 0.00000829 0.00000500 0.000379 0.000087 0.000011      0.97 
 C/2006 VZ13     p2 1173 20061113 20070814 20070808 20070810.89148833   1.01525293 1.00015482 174.115421  66.028203 134.792653   -152.49 0.00033359 0.00000258 0.00005613 0.000746 0.000817 0.000454     55.29 
 C/2007 N3       p5 3951 20070711 20110101 20090109 20090110.64062552   1.21225576 1.00000432 136.869056 338.541126 178.373600     -3.56 0.00123407 0.00001519 0.00000338 0.001952 0.001606 0.000007      2.79 
 C/2007 Q3       pc 1364 20070825 20110903 20091016 20091007.26735013   2.25167847 1.00014917   2.090665 149.413094  65.650069    -66.25 0.00051548 0.00000417 0.00000951 0.000255 0.000067 0.000066      4.22 
 C/2007 W1       qn 1706 20070321 20081217 20080623 20080624.88707452   0.84965642 1.00011112 306.549513 334.528944   9.889604   -130.78 0.00016025 0.00000170 0.00000310 0.000387 0.000688 0.000042      3.65 
 C/2007 W1       pn 1703 20071120 20081217 20080623 20080624.88702941   0.84965694 1.00011020 306.549632 334.528731   9.889591   -129.70 0.00015919 0.00000169 0.00000309 0.000384 0.000683 0.000041      3.64 
 C/2008 A1       p5  937 20080110 20080928 20080911 20080929.12580675   1.07308707 1.00026439 348.474902 277.882020  82.550006   -246.38 0.00033194 0.00000375 0.00001289 0.000437 0.000212 0.000100     12.01 
 C/2008 FK75     p3 3710 20080331 20131106 20101011 20100929.26656339   4.51079182 1.00248957  80.422043 218.268376  61.175847   -551.91 0.00200860 0.00000478 0.00000268 0.000318 0.000043 0.000019      0.59 
 C/2011 J2       pv 6492 20110310 20170915 20131214 20131225.28704154   3.44341220 1.00047421  85.291894 163.947352 122.798890   -137.72 0.00020196 0.00000063 0.00000132 0.000043 0.000007 0.000003      0.38 
 C/2011 L4       pn 5501 20110521 20140827 20120320 20130310.15144955   0.30161093 1.00008766 333.642286  65.665424  84.198940   -290.63 0.00007077 0.00000042 0.00000018 0.000034 0.000002 0.000028      0.59 
 C/2012 CH17     p4  658 20120202 20130610 20120930 20120928.17134827   1.29676442 0.99937053 137.925021 125.971870  27.745338    485.42 0.00958384 0.00012169 0.00013463 0.010840 0.004900 0.000612    103.81 
 C/2012 F3       pd 1763 20120119 20171017 20150408 20150406.68991030   3.45685831 1.00167178 104.022216 164.614164  11.354507   -483.61 0.00197117 0.00000758 0.00001426 0.000454 0.000188 0.000015      4.12 
 C/2012 S1       pc 6723 20110930 20131122 20111006 20131128.97260262   0.01246114 0.99999929 345.539570 295.693567  62.067455     57.05 0.00496904 0.00000058 0.00000015 0.000249 0.000370 0.001934     11.79 
 C/2013 US10     pn 5154 20130814 20171207 20151204 20151115.73523771   0.82272705 0.99926084 340.386534 186.142472 148.879366    898.43 0.00142948 0.00002373 0.00009703 0.003078 0.000272 0.000087    117.95 
 C/2013 US10     pc 5154 20130814 20171207 20151204 20151115.73021996   0.82304659 1.00012234 340.348509 186.144317 148.878462   -148.64 0.00387008 0.00002432 0.00008736 0.003690 0.000781 0.000077    106.14 
 C/2013 V1       pn 2145 20131104 20150119 20140413 20140421.22728316   1.66085543 1.00129315  48.030717  72.809933  65.308829   -778.60 0.00306872 0.00002286 0.00002153 0.002291 0.000119 0.000318     12.95 
 C/2013 V5       pn 1559 20131112 20150419 20141209 20140928.22294025   0.62545186 0.99852929 314.571552 278.615781 154.884594   2351.43 0.00007366 0.00000376 0.00001709 0.000746 0.000007 0.000027     27.33 
 C/2013 X1       pd 3324 20131017 20180129 20160731 20160420.72623475   1.31432826 1.00078113 164.435097 130.954490 163.230782   -594.32 0.00155088 0.00001721 0.00007077 0.003965 0.000078 0.000023     53.84 
 C/2015 H2       pc  206 20140519 20191022 20160909 20160913.25035731   4.96710402 1.00320027 287.905055 350.692370  33.705147   -644.29 0.01071109 0.00002445 0.00000939 0.001432 0.000047 0.000012      1.89 
 C/2015 O1       pc 4164 20150615 20200320 20180323 20180219.03141784   3.72963321 0.99998700  89.595260 299.857101 127.210933      3.49 0.00153809 0.00000488 0.00000396 0.000321 0.000035 0.000012      1.06 
 C/2015 V2       pn 5950 20150111 20191027 20170616 20170612.33839526   1.63699843 1.00175391 164.894785  69.848601  49.877108  -1071.42 0.00007259 0.00000028 0.00000119 0.000053 0.000007 0.000013      0.73 
 C/2015 VL62     pn 2127 20151102 20180716 20170904 20170828.58471449   2.72032737 1.00197032 128.356797  94.547475 165.614356   -724.29 0.00160042 0.00000336 0.00001562 0.000621 0.000204 0.000029      5.74 
 C/2015 VL62     pe 2127 20151102 20180716 20170904 20170828.58180594   2.72033476 1.00200181 128.355252  94.546807 165.614449   -735.87 0.00144409 0.00000285 0.00001182 0.000550 0.000166 0.000024      4.35 
 C/2016 N4       pc 2085 20150911 20200326 20170904 20170916.60094845   3.19909043 0.99931984  55.955883 354.031677  72.557561    212.61 0.00090160 0.00000384 0.00001003 0.000211 0.000040 0.000032      3.14 
 C/2016 N4       ps 2085 20150911 20200326 20170904 20170916.60228257   3.19908927 0.99931656  55.956193 354.031713  72.557589    213.64 0.00131320 0.00000470 0.00001255 0.000306 0.000047 0.000036      3.92 
 C/2017 B3       pc 1587 20160304 20220101 20190206 20190202.49799299   3.92116899 1.00208078 284.748711   2.176760  54.178662   -530.65 0.00209717 0.00000743 0.00000826 0.000395 0.000091 0.000016      2.11 
 C/2017 K2       c5 7735 20130512 20220407 20181118 20221220.65281903   1.80553696 1.00036069 236.079695  88.256848  87.544090   -199.77 0.00204548 0.00000452 0.00000143 0.000134 0.000033 0.000006      0.79 
 C/2017 M4       pc 3284 20170616 20211130 20190206 20190118.18632303   3.25174929 1.00210387 167.620147  65.867087 105.657803   -647.00 0.00125326 0.00000511 0.00001022 0.000316 0.000042 0.000045      3.14 
 C/2017 S3       n3 1042 20170817 20180803 20180323 20180815.94438860   0.20843084 1.00008168 255.891905 171.037270  99.039848   -391.89 0.00063465 0.00000295 0.00000101 0.000230 0.000261 0.000046      4.83 
 C/2017 T1       pn 1070 20170928 20180617 20180323 20180221.71430957   0.58036897 0.99859413  96.912468 102.295999  96.823408   2422.38 0.00047886 0.00002742 0.00017581 0.000931 0.002202 0.001003    302.96 
 C/2017 T2       pn 6824 20170915 20210819 20200531 20200504.93911322   1.61516169 0.99952745  92.983443  64.378018  57.230659    292.57 0.00043228 0.00000173 0.00000236 0.000375 0.000062 0.000019      1.46 
 C/2017 T2       pc 6824 20170915 20210819 20200531 20200504.95006933   1.61513068 0.99958261  92.992139  64.377493  57.230382    258.42 0.00009050 0.00000104 0.00000137 0.000096 0.000017 0.000014      0.85 
 C/2017 T2       dd 6824 20170915 20210819 20200531 20200504.94931439   1.61523461 0.99967813  92.989097  64.376277  57.228268    199.27 0.00126094 0.00002847 0.00004412 0.001383 0.000188 0.000264     27.32 
 C/2018 U1       pc 2485 20181027 20230609 20181009 20211102.49137752   4.99950439 1.00049372 180.332642  75.476371 108.301298    -98.75 0.00128966 0.00000501 0.00000471 0.000094 0.000018 0.000008      0.94 
 C/2018 W2       pn 2028 20181127 20200615 20190825 20190905.73279539   1.45466726 1.00079080 157.975659 181.849344 116.616081   -543.63 0.00036946 0.00000296 0.00000689 0.000342 0.000096 0.000063      4.74 
 C/2019 F1       pc 1951 20190208 20240131 20190206 20210623.00298805   3.59830022 1.00269032 251.085430  38.727533  54.169320   -747.66 0.00130219 0.00000621 0.00000449 0.000144 0.000006 0.000016      1.25 
 C/2019 L3       pc 6188 20190610 20230705 20220121 20220109.61933880   3.55448942 1.00154472 171.610710 290.789858  48.361549   -434.58 0.00043654 0.00000180 0.00000213 0.000095 0.000007 0.000008      0.60 
 C/2019 N1       dd 1548 20190610 20220129 20201217 20201201.80754684   1.70458849 0.99977334 193.446367  13.573574  82.427486    132.97 0.00053040 0.00000664 0.00001560 0.000446 0.000084 0.000106      9.15 
 C/2019 Q1       pc  247 20181110 20210604 20200710 20200719.63636272   4.99725225 1.00086833  55.914381  42.337277 155.721183   -173.76 0.03006836 0.00007117 0.00002774 0.004142 0.000293 0.000168      5.55 
 C/2019 U5       pd 4536 20191011 20230705 20230225 20230329.85192718   3.62418014 1.00140908 181.497211   2.637387 113.520555   -388.80 0.00030490 0.00000137 0.00000160 0.000063 0.000003 0.000007      0.44 
 C/2019 U5       pc 4536 20191011 20230705 20230225 20230329.85248071   3.62418159 1.00142400 181.497340   2.637384 113.520578   -392.92 0.00033381 0.00000147 0.00000181 0.000069 0.000004 0.000008      0.50 
 C/2020 H6       pc 2108 20200422 20240108 20210923 20211001.05772888   4.70291221 1.00069143  20.345378 213.706493  79.967245   -147.02 0.00498804 0.00000793 0.00000916 0.000699 0.000004 0.000015      1.95 
 C/2020 O2       pc 1618 20200723 20230921 20210814 20210828.48099637   4.86219398 1.00246295  10.291759 256.755838  71.747897   -506.55 0.00521120 0.00001249 0.00001089 0.000687 0.000006 0.000214      2.24 
 C/2020 R7       pn 1836 20191203 20240731 20220918 20220916.18167263   2.95605774 1.00024652 347.822057 268.281205 114.892173    -83.39 0.00500938 0.00001126 0.00003535 0.001410 0.000160 0.000296     11.96 
 C/2020 R7       pc 1836 20191203 20240731 20220918 20220916.22097539   2.95600664 1.00016483 347.833003 268.281764 114.891121    -55.76 0.00067221 0.00000220 0.00000748 0.000190 0.000027 0.000039      2.53 
 C/2020 S4       pn 1820 20200916 20230714 20230225 20230209.11466086   3.36990589 1.00128936  20.962446 117.722538  20.571030   -382.61 0.01032143 0.00001517 0.00002697 0.002337 0.000069 0.000094      8.00 
 C/2020 S4       pc 1820 20200916 20230714 20230225 20230209.21683228   3.36978483 1.00117131  20.986147 117.721808  20.570219   -347.59 0.00160321 0.00000740 0.00001035 0.000364 0.000020 0.000024      3.07 
 C/2020 S4       ps 1820 20200916 20230714 20230225 20230209.20308678   3.36981451 1.00119645  20.982870 117.722008  20.570469   -355.05 0.00302766 0.00000976 0.00001393 0.000685 0.000027 0.000039      4.13 
 C/2020 V2       pn 4546 20200418 20230805 20230516 20230508.56375369   2.22783197 1.00093485 162.428404 212.371774 131.611530   -419.62 0.00331103 0.00000964 0.00002611 0.001420 0.000107 0.000102     11.72 
 C/2020 V2       pc 4546 20200418 20230805 20230516 20230508.55851065   2.22785523 1.00111805 162.426391 212.371404 131.611848   -501.85 0.00015302 0.00000099 0.00000282 0.000069 0.000014 0.000007      1.27 
 C/2020 V2       ec 4546 20200418 20230805 20230516 20230508.55793899   2.22785784 1.00110035 162.426014 212.371422 131.611849   -493.90 0.00014037 0.00000091 0.00000249 0.000064 0.000013 0.000006      1.12 
 C/2020 V2       dc 4546 20200418 20230805 20230516 20230508.54525766   2.22807528 1.00111263 162.415835 212.372383 131.611627   -499.37 0.00092323 0.00001848 0.00001111 0.000813 0.000172 0.000039      4.99 
 C/2021 D2       p4  669 20210219 20230422 20220121 20220203.97302149   2.94632163 1.00144464 125.027520 305.678697  83.830673   -490.32 0.00396231 0.00001593 0.00000814 0.001222 0.000085 0.000021      2.76 
 C/2021 G2       p4 1830 20201103 20250312 20240907 20240909.20816727   4.98238515 1.00017920 343.277712 221.095171  48.473011    -35.97 0.00128477 0.00000360 0.00000276 0.000169 0.000015 0.000018      0.55 
 C/2021 S3       pn 4688 20201206 20250309 20240220 20240214.71792804   1.32016253 0.99992361   6.860632 215.619461  58.535234     57.87 0.00037706 0.00000271 0.00001613 0.000336 0.000084 0.000138     12.22 
 C/2021 T4       pn 2203 20210807 20250302 20230913 20230731.53175374   1.48323658 0.99940325 329.822509 257.890848 160.774636    402.33 0.00048032 0.00000155 0.00001636 0.000426 0.000152 0.000060     11.03 
 C/2021 X1       pc 2996 20211022 20240930 20230225 20230527.46903394   3.23365100 1.00023655 334.626586  10.584957 140.121271    -73.15 0.00163249 0.00000737 0.00001029 0.000392 0.000023 0.000003      3.18 
 C/2021 Y1       pn 1869 20211108 20230616 20230225 20230430.70293795   2.03241067 1.00084033 245.815282 244.770089  77.190180   -413.46 0.00071019 0.00000632 0.00000269 0.000449 0.000035 0.000082      1.32 
 C/2021 Y1       pc 1869 20211108 20230616 20230225 20230430.70613360   2.03237208 1.00082740 245.817367 244.770033  77.189686   -407.11 0.00023373 0.00000276 0.00000194 0.000149 0.000009 0.000042      0.96 
 C/2022 E2       p4 4040 20220223 20250307 20241017 20240914.13287334   3.66628934 1.00101564  41.728636 125.380641 137.134955   -277.02 0.00098556 0.00000347 0.00000378 0.000211 0.000013 0.000025      1.03 
 C/2022 E2       pc 4040 20220223 20250307 20241017 20240914.13282582   3.66628804 1.00101126  41.728645 125.380673 137.134993   -275.83 0.00094771 0.00000337 0.00000365 0.000203 0.000013 0.000024      1.00 
